[Point Spectroscopy Data]
Approach Rate=0.1519 µm/sec
Retreat Rate=0.1519 µm/sec
Z Start=-1.0000 µm
Z End=-2.0000 µm
Cycle Hold Time=0.000 sec
½ Cycle Hold Time=0.000 sec
Z Piezo Linerizer On=no

[Series layout]
Points Number=512
Series Number=1
Trace Z Position, µm	Deflection Signal, V	Retrace Z Position, µm	Deflection Signal, V

[Data]
 -1.000000	 10.044895	 -2.000000	 -0.678742
 -1.001958	 10.044895	 -1.998041	 -0.651144
 -1.003915	 10.044895	 -1.996085	 -0.600241
 -1.005872	 10.044895	 -1.994128	 -0.631519
 -1.007829	 10.044895	 -1.992171	 -0.587362
 -1.009786	 10.044895	 -1.990214	 -0.581842
 -1.011743	 10.044895	 -1.988257	 -0.553938
 -1.013700	 10.044895	 -1.986300	 -0.573563
 -1.015657	 10.044895	 -1.984343	 -0.540139
 -1.017614	 10.044895	 -1.982386	 -0.560684
 -1.019571	 10.044895	 -1.980429	 -0.556391
 -1.021528	 10.044895	 -1.978472	 -0.549952
 -1.023485	 10.044895	 -1.976515	 -0.546272
 -1.025442	 10.044895	 -1.974558	 -0.529100
 -1.027399	 10.044895	 -1.972601	 -0.549338
 -1.029356	 10.044895	 -1.970644	 -0.519900
 -1.031313	 10.044895	 -1.968687	 -0.524807
 -1.033270	 10.044895	 -1.966730	 -0.522354
 -1.035227	 10.044895	 -1.964773	 -0.518061
 -1.037184	 10.044895	 -1.962816	 -0.486783
 -1.039140	 10.044895	 -1.960859	 -0.503955
 -1.041097	 10.044895	 -1.958903	 -0.500582
 -1.043054	 10.044895	 -1.956946	 -0.488316
 -1.045011	 10.044895	 -1.954989	 -0.494142
 -1.046968	 10.044895	 -1.953032	 -0.461025
 -1.048925	 10.044895	 -1.951075	 -0.476664
 -1.050882	 10.044895	 -1.949118	 -0.464705
 -1.052839	 10.044895	 -1.947161	 -0.466851
 -1.054796	 10.044895	 -1.945204	 -0.491076
 -1.056753	 10.044895	 -1.943247	 -0.506101
 -1.058710	 10.044895	 -1.941290	 -0.472677
 -1.060667	 10.044895	 -1.939333	 -0.472984
 -1.062624	 10.044895	 -1.937376	 -0.485863
 -1.064581	 10.044895	 -1.935419	 -0.453359
 -1.066538	 10.044895	 -1.933462	 -0.467771
 -1.068495	 10.044895	 -1.931505	 -0.451519
 -1.070452	 10.044895	 -1.929548	 -0.475130
 -1.072409	 10.044895	 -1.927591	 -0.450599
 -1.074365	 10.044895	 -1.925634	 -0.483717
 -1.076323	 10.044895	 -1.923678	 -0.457345
 -1.078279	 10.044895	 -1.921720	 -0.480957
 -1.080236	 10.044895	 -1.919764	 -0.465625
 -1.082193	 10.044895	 -1.917807	 -0.460412
 -1.084150	 10.044895	 -1.915850	 -0.484330
 -1.086107	 10.044895	 -1.913893	 -0.444159
 -1.088064	 10.044895	 -1.911936	 -0.474824
 -1.090021	 10.044895	 -1.909979	 -0.440786
 -1.091978	 10.044895	 -1.908022	 -0.462865
 -1.093935	 10.044895	 -1.906065	 -0.461638
 -1.095892	 10.044895	 -1.904108	 -0.441706
 -1.097849	 10.044895	 -1.902151	 -0.449066
 -1.099806	 10.044895	 -1.900194	 -0.458265
 -1.101763	 10.044895	 -1.898237	 -0.475130
 -1.103720	 10.044895	 -1.896280	 -0.462251
 -1.105677	 10.044895	 -1.894323	 -0.461638
 -1.107634	 10.044895	 -1.892366	 -0.458265
 -1.109591	 10.044895	 -1.890409	 -0.476357
 -1.111548	 10.044895	 -1.888452	 -0.448146
 -1.113504	 10.044895	 -1.886495	 -0.449066
 -1.115461	 10.044895	 -1.884538	 -0.469918
 -1.117418	 10.044895	 -1.882582	 -0.460105
 -1.119375	 10.044895	 -1.880625	 -0.458878
 -1.121332	 10.044895	 -1.878668	 -0.448759
 -1.123289	 10.044895	 -1.876711	 -0.465318
 -1.125246	 10.044895	 -1.874754	 -0.457038
 -1.127203	 10.044895	 -1.872797	 -0.486170
 -1.129160	 10.044895	 -1.870840	 -0.438640
 -1.131117	 10.044895	 -1.868883	 -0.453972
 -1.133074	 10.044895	 -1.866926	 -0.448452
 -1.135031	 10.044895	 -1.864969	 -0.465011
 -1.136988	 10.044895	 -1.863012	 -0.451519
 -1.138945	 10.044895	 -1.861055	 -0.452439
 -1.140902	 10.044895	 -1.859098	 -0.473904
 -1.142859	 10.044895	 -1.857141	 -0.472064
 -1.144816	 10.044895	 -1.855184	 -0.449372
 -1.146773	 10.044895	 -1.853227	 -0.465318
 -1.148729	 10.044895	 -1.851271	 -0.476664
 -1.150686	 10.044895	 -1.849313	 -0.464091
 -1.152643	 10.044895	 -1.847357	 -0.468998
 -1.154600	 10.044895	 -1.845400	 -0.463171
 -1.156557	 10.044895	 -1.843443	 -0.463785
 -1.158514	 10.044895	 -1.841486	 -0.454279
 -1.160471	 10.044895	 -1.839529	 -0.476357
 -1.162428	 10.044895	 -1.837572	 -0.468384
 -1.164385	 10.044895	 -1.835615	 -0.463478
 -1.166342	 10.044895	 -1.833658	 -0.465318
 -1.168299	 10.044895	 -1.831701	 -0.457958
 -1.170256	 10.044895	 -1.829744	 -0.470224
 -1.172213	 10.044895	 -1.827787	 -0.448759
 -1.174170	 10.044895	 -1.825830	 -0.483410
 -1.176127	 10.044895	 -1.823873	 -0.454892
 -1.178084	 10.044895	 -1.821916	 -0.476970
 -1.180041	 10.044895	 -1.819959	 -0.467158
 -1.181998	 10.044895	 -1.818002	 -0.482490
 -1.183955	 10.044895	 -1.816045	 -0.480343
 -1.185912	 10.044895	 -1.814088	 -0.449372
 -1.187868	 10.044895	 -1.812132	 -0.490463
 -1.189825	 10.044895	 -1.810174	 -0.467158
 -1.191782	 10.044895	 -1.808218	 -0.484023
 -1.193739	 10.044895	 -1.806261	 -0.479423
 -1.195696	 10.044895	 -1.804304	 -0.495369
 -1.197653	 10.044895	 -1.802347	 -0.478197
 -1.199610	 10.044895	 -1.800390	 -0.494756
 -1.201567	 10.044895	 -1.798433	 -0.491689
 -1.203524	 10.044895	 -1.796476	 -0.478197
 -1.205481	 10.044895	 -1.794519	 -0.482183
 -1.207438	 10.044895	 -1.792562	 -0.456425
 -1.209395	 10.044895	 -1.790605	 -0.474517
 -1.211352	 10.044895	 -1.788648	 -0.492916
 -1.213309	 10.044895	 -1.786691	 -0.470224
 -1.215266	 10.044895	 -1.784734	 -0.476357
 -1.217223	 10.044895	 -1.782777	 -0.482490
 -1.219180	 10.044895	 -1.780820	 -0.491689
 -1.221137	 10.044895	 -1.778863	 -0.474824
 -1.223094	 10.044895	 -1.776906	 -0.487090
 -1.225050	 10.044895	 -1.774950	 -0.500582
 -1.227007	 10.044895	 -1.772992	 -0.482490
 -1.228964	 10.044895	 -1.771036	 -0.468998
 -1.230921	 10.044895	 -1.769079	 -0.492303
 -1.232878	 10.044895	 -1.767122	 -0.468998
 -1.234835	 10.044895	 -1.765165	 -0.490769
 -1.236792	 10.044895	 -1.763208	 -0.474211
 -1.238749	 10.044895	 -1.761251	 -0.496596
 -1.240706	 10.044895	 -1.759294	 -0.493529
 -1.242663	 10.044895	 -1.757337	 -0.468078
 -1.244620	 10.044895	 -1.755380	 -0.487703
 -1.246577	 10.044895	 -1.753423	 -0.484023
 -1.248534	 10.044895	 -1.751466	 -0.478504
 -1.250491	 10.043669	 -1.749509	 -0.481877
 -1.252448	  9.939103	 -1.747552	 -0.483717
 -1.254405	  9.888201	 -1.745595	 -0.457345
 -1.256361	  9.782715	 -1.743638	 -0.491689
 -1.258319	  9.705441	 -1.741681	 -0.483410
 -1.260275	  9.617435	 -1.739724	 -0.492303
 -1.262232	  9.525134	 -1.737767	 -0.500889
 -1.264189	  9.455832	 -1.735811	 -0.497822
 -1.266146	  9.352187	 -1.733854	 -0.487703
 -1.268103	  9.292085	 -1.731897	 -0.497822
 -1.270060	  9.189666	 -1.729940	 -0.507021
 -1.272017	  9.137537	 -1.727983	 -0.476664
 -1.273974	  9.030211	 -1.726026	 -0.483103
 -1.275931	  8.957231	 -1.724069	 -0.483717
 -1.277888	  8.837026	 -1.722112	 -0.502728
 -1.279845	  8.792870	 -1.720155	 -0.492916
 -1.281802	  8.683090	 -1.718198	 -0.509475
 -1.283759	  8.602750	 -1.716241	 -0.501808
 -1.285716	  8.533448	 -1.714284	 -0.489236
 -1.287673	  8.430416	 -1.712327	 -0.493529
 -1.289630	  8.362955	 -1.710370	 -0.474824
 -1.291587	  8.267282	 -1.708413	 -0.494449
 -1.293544	  8.212086	 -1.706456	 -0.484023
 -1.295501	  8.092495	 -1.704499	 -0.495676
 -1.297458	  8.039752	 -1.702542	 -0.493836
 -1.299414	  7.933653	 -1.700585	 -0.491689
 -1.301371	  7.861286	 -1.698629	 -0.474517
 -1.303328	  7.786464	 -1.696671	 -0.489236
 -1.305285	  7.687112	 -1.694715	 -0.514074
 -1.307242	  7.615357	 -1.692758	 -0.494142
 -1.309199	  7.512938	 -1.690801	 -0.496596
 -1.311156	  7.458969	 -1.688844	 -0.491076
 -1.313113	  7.344897	 -1.686887	 -0.511621
 -1.315070	  7.275596	 -1.684930	 -0.491689
 -1.317027	  7.175630	 -1.682973	 -0.495369
 -1.318984	  7.120434	 -1.681016	 -0.463171
 -1.320941	  7.009736	 -1.679059	 -0.510395
 -1.322898	  6.934301	 -1.677102	 -0.486476
 -1.324855	  6.862854	 -1.675145	 -0.511314
 -1.326812	  6.764728	 -1.673188	 -0.502422
 -1.328769	  6.690826	 -1.671231	 -0.483103
 -1.330726	  6.596074	 -1.669274	 -0.508248
 -1.332682	  6.534132	 -1.667317	 -0.487090
 -1.334639	  6.428953	 -1.665360	 -0.503648
 -1.336596	  6.361798	 -1.663404	 -0.484943
 -1.338553	  6.254779	 -1.661447	 -0.496902
 -1.340510	  6.191917	 -1.659490	 -0.473904
 -1.342467	  6.106670	 -1.657533	 -0.496596
 -1.344424	  6.026330	 -1.655576	 -0.480650
 -1.346381	  5.945375	 -1.653619	 -0.513461
 -1.348338	  5.841730	 -1.651662	 -0.490463
 -1.350295	  5.790214	 -1.649705	 -0.482490
 -1.352252	  5.687795	 -1.647748	 -0.526033
 -1.354209	  5.626466	 -1.645791	 -0.477890
 -1.356166	  5.517914	 -1.643834	 -0.506715
 -1.358123	  5.449839	 -1.641877	 -0.490769
 -1.360080	  5.364593	 -1.639920	 -0.488623
 -1.362037	  5.281185	 -1.637963	 -0.475744
 -1.363994	  5.200845	 -1.636006	 -0.507021
 -1.365951	  5.119277	 -1.634049	 -0.516221
 -1.367908	  5.037097	 -1.632092	 -0.504262
 -1.369865	  4.938971	 -1.630135	 -0.497209
 -1.371822	  4.880095	 -1.628178	 -0.474517
 -1.373778	  4.771850	 -1.626222	 -0.513154
 -1.375735	  4.710828	 -1.624264	 -0.500889
 -1.377692	  4.615462	 -1.622308	 -0.511928
 -1.379649	  4.541561	 -1.620350	 -0.479117
 -1.381606	  4.446808	 -1.618394	 -0.504568
 -1.383563	  4.363708	 -1.616437	 -0.487703
 -1.385520	  4.291339	 -1.614480	 -0.490769
 -1.387477	  4.204253	 -1.612523	 -0.495676
 -1.389434	  4.133111	 -1.610566	 -0.492916
 -1.391391	  4.034986	 -1.608609	 -0.469611
 -1.393348	  3.964458	 -1.606652	 -0.482490
 -1.395305	  3.869398	 -1.604695	 -0.500889
 -1.397262	  3.820335	 -1.602738	 -0.491996
 -1.399219	  3.711783	 -1.600781	 -0.495369
 -1.401176	  3.644935	 -1.598824	 -0.484330
 -1.403133	  3.551102	 -1.596867	 -0.490463
 -1.405089	  3.475667	 -1.594910	 -0.501502
 -1.407046	  3.400233	 -1.592953	 -0.503342
 -1.409003	  3.307626	 -1.590996	 -0.511928
 -1.410960	  3.251204	 -1.589039	 -0.480037
 -1.412917	  3.150625	 -1.587083	 -0.468384
 -1.414874	  3.078257	 -1.585126	 -0.489236
 -1.416831	  2.968785	 -1.583169	 -0.490156
 -1.418788	  2.909603	 -1.581212	 -0.475437
 -1.420745	  2.829569	 -1.579255	 -0.475437
 -1.422702	  2.747082	 -1.577298	 -0.467771
 -1.424659	  2.659382	 -1.575341	 -0.497515
 -1.426616	  2.582721	 -1.573384	 -0.476664
 -1.428573	  2.515872	 -1.571427	 -0.497209
 -1.430530	  2.422039	 -1.569470	 -0.509168
 -1.432487	  2.357644	 -1.567513	 -0.491689
 -1.434444	  2.259212	 -1.565556	 -0.493222
 -1.436401	  2.198803	 -1.563599	 -0.500582
 -1.438358	  2.102823	 -1.561642	 -0.491689
 -1.440315	  2.031682	 -1.559685	 -0.481877
 -1.442272	  1.953794	 -1.557728	 -0.500275
 -1.444229	  1.862415	 -1.555771	 -0.434040
 -1.446185	  1.781767	 -1.553814	 -0.507635
 -1.448143	  1.697134	 -1.551857	 -0.470837
 -1.450099	  1.622926	 -1.549901	 -0.475744
 -1.452056	  1.543812	 -1.547943	 -0.514994
 -1.454013	  1.470217	 -1.545987	 -0.474517
 -1.455970	  1.375158	 -1.544030	 -0.494449
 -1.457927	  1.317202	 -1.542073	 -0.467464
 -1.459884	  1.210797	 -1.540116	 -0.499662
 -1.461841	  1.137202	 -1.538159	 -0.506715
 -1.463798	  1.046742	 -1.536202	 -0.522047
 -1.465755	  0.978974	 -1.534245	 -0.474211
 -1.467712	  0.898633	 -1.532288	 -0.488929
 -1.469669	  0.815840	 -1.530331	 -0.497515
 -1.471626	  0.741632	 -1.528374	 -0.484330
 -1.473583	  0.651172	 -1.526417	 -0.482797
 -1.475540	  0.579111	 -1.524460	 -0.446919
 -1.477497	  0.475772	 -1.522503	 -0.471451
 -1.479454	  0.423336	 -1.520546	 -0.451212
 -1.481410	  0.322143	 -1.518589	 -0.488623
 -1.483367	  0.256521	 -1.516632	 -0.460412
 -1.485324	  0.171581	 -1.514675	 -0.462865
 -1.487281	  0.081428	 -1.512719	 -0.494756
 -1.489238	  0.012740	 -1.510762	 -0.481877
 -1.491195	 -0.077720	 -1.508805	 -0.466544
 -1.493152	 -0.146408	 -1.506848	 -0.475744
 -1.495109	 -0.237482	 -1.504891	 -0.459798
 -1.497066	 -0.308930	 -1.502934	 -0.446306
 -1.499023	 -0.406136	 -1.500977	 -0.458878
 -1.500980	 -0.468384	 -1.499020	 -0.435267
 -1.502937	 -0.554858	 -1.497063	 -0.459798
 -1.504894	 -0.630292	 -1.495106	 -0.430054
 -1.506851	 -0.720752	 -1.493149	 -0.422081
 -1.508808	 -0.794653	 -1.491192	 -0.431587
 -1.510765	 -0.874074	 -1.489235	 -0.398470
 -1.512722	 -0.958708	 -1.487278	 -0.404602
 -1.514679	 -1.036288	 -1.485321	 -0.391723
 -1.516636	 -1.125215	 -1.483364	 -0.365659
 -1.518592	 -1.194517	 -1.481407	 -0.354313
 -1.520550	 -1.287430	 -1.479450	 -0.347567
 -1.522506	 -1.371143	 -1.477493	 -0.311996
 -1.524463	 -1.462830	 -1.475537	 -0.325795
 -1.526420	 -1.528145	 -1.473580	 -0.318129
 -1.528377	 -1.606646	 -1.471623	 -0.503342
 -1.530334	 -1.694346	 -1.469666	 -0.428521
 -1.532291	 -1.768860	 -1.467709	 -0.383137
 -1.534248	 -1.866680	 -1.465752	 -0.369952
 -1.536205	 -1.931075	 -1.463795	 -0.319969
 -1.538162	 -2.015709	 -1.461838	 -0.284398
 -1.540119	 -2.091756	 -1.459881	 -0.190258
 -1.542076	 -2.188656	 -1.457924	 -0.133529
 -1.544033	 -2.250598	 -1.455967	 -0.044296
 -1.545990	 -2.342897	 -1.454010	  0.017953
 -1.547947	 -2.414346	 -1.452053	  0.102280
 -1.549904	 -2.500819	 -1.450096	  0.170968
 -1.551861	 -2.595878	 -1.448139	  0.254682
 -1.553818	 -2.666406	 -1.446182	  0.342382
 -1.555774	 -2.758399	 -1.444225	  0.417816
 -1.557731	 -2.816355	 -1.442268	  0.490184
 -1.559688	 -2.914175	 -1.440312	  0.565618
 -1.561645	 -2.994209	 -1.438354	  0.664971
 -1.563602	 -3.088655	 -1.436398	  0.738259
 -1.565559	 -3.151824	 -1.434441	  0.830865
 -1.567516	 -3.254549	 -1.432484	  0.904766
 -1.569473	 -3.328144	 -1.430527	  1.004732
 -1.571430	 -3.399285	 -1.428570	  1.077100
 -1.573387	 -3.486065	 -1.426613	  1.156521
 -1.575344	 -3.567019	 -1.424656	  1.254340
 -1.577301	 -3.662998	 -1.422699	  1.329774
 -1.579258	 -3.722181	 -1.420742	  1.430967
 -1.581215	 -3.816934	 -1.418785	  1.502415
 -1.583172	 -3.891755	 -1.416828	  1.612807
 -1.585129	 -3.990187	 -1.414871	  1.677508
 -1.587086	 -4.054276	 -1.412914	  1.780541
 -1.589043	 -4.139523	 -1.410957	  1.850455
 -1.591000	 -4.224156	 -1.409000	  1.947048
 -1.592957	 -4.307564	 -1.407043	  2.028309
 -1.594913	 -4.379012	 -1.405086	  2.117849
 -1.596870	 -4.461192	 -1.403129	  2.211682
 -1.598827	 -4.554412	 -1.401172	  2.282210
 -1.600784	 -4.620954	 -1.399216	  2.385855
 -1.602741	 -4.712640	 -1.397259	  2.460676
 -1.604698	 -4.776729	 -1.395302	  2.574748
 -1.606655	 -4.877307	 -1.393345	  2.643436
 -1.608612	 -4.956422	 -1.391388	  2.746469
 -1.610569	 -5.033390	 -1.389431	  2.815157
 -1.612526	 -5.118637	 -1.387474	  2.901017
 -1.614483	 -5.197137	 -1.385517	  2.982584
 -1.616440	 -5.286371	 -1.383560	  3.074271
 -1.618397	 -5.348006	 -1.381603	  3.178836
 -1.620354	 -5.452571	 -1.379646	  3.242618
 -1.622311	 -5.512061	 -1.377689	  3.354236
 -1.624268	 -5.602214	 -1.375732	  3.422311
 -1.626225	 -5.684088	 -1.373775	  3.533930
 -1.628182	 -5.764735	 -1.371818	  3.608137
 -1.630139	 -5.843542	 -1.369861	  3.708103
 -1.632095	 -5.932775	 -1.367905	  3.789670
 -1.634052	 -6.011583	 -1.365947	  3.877371
 -1.636009	 -6.077205	 -1.363991	  3.967524
 -1.637966	 -6.174717	 -1.362034	  4.055224
 -1.639923	 -6.239726	 -1.360077	  4.153350
 -1.641880	 -6.336319	 -1.358120	  4.223265
 -1.643837	 -6.410220	 -1.356163	  4.345922
 -1.645794	 -6.497000	 -1.354206	  4.410931
 -1.647751	 -6.566915	 -1.352249	  4.524082
 -1.649708	 -6.646949	 -1.350292	  4.590011
 -1.651665	 -6.730049	 -1.348335	  4.694883
 -1.653622	 -6.807017	 -1.346378	  4.777370
 -1.655579	 -6.893490	 -1.344421	  4.878256
 -1.657536	 -6.953593	 -1.342464	  4.971476
 -1.659493	 -7.041906	 -1.340507	  5.042616
 -1.661450	 -7.118874	 -1.338550	  5.157915
 -1.663407	 -7.205347	 -1.336593	  5.236415
 -1.665364	 -7.278942	 -1.334636	  5.350487
 -1.667321	 -7.360202	 -1.332679	  5.410895
 -1.669277	 -7.427970	 -1.330722	  5.530793
 -1.671234	 -7.512911	 -1.328766	  5.605614
 -1.673191	 -7.597544	 -1.326808	  5.714779
 -1.675148	 -7.661020	 -1.324852	  5.807999
 -1.677105	 -7.741667	 -1.322895	  5.888953
 -1.679062	 -7.826914	 -1.320938	  5.993212
 -1.681019	 -7.902041	 -1.318981	  6.077232
 -1.682976	 -7.970423	 -1.317024	  6.194370
 -1.684933	 -8.052604	 -1.315067	  6.257539
 -1.686890	 -8.119759	 -1.313110	  6.372837
 -1.688847	 -8.207152	 -1.311153	  6.457470
 -1.690804	 -8.283199	 -1.309196	  6.560810
 -1.692761	 -8.363234	 -1.307239	  6.631031
 -1.694718	 -8.433455	 -1.305282	  6.740196
 -1.696675	 -8.496011	 -1.303325	  6.834029
 -1.698632	 -8.580030	 -1.301368	  6.926635
 -1.700589	 -8.633080	 -1.299411	  7.043160
 -1.702546	 -8.710661	 -1.297454	  7.114915
 -1.704503	 -8.767083	 -1.295497	  7.236039
 -1.706459	 -8.809401	 -1.293541	  7.305034
 -1.708416	 -8.856930	 -1.291584	  7.422172
 -1.710373	 -8.919179	 -1.289627	  7.503739
 -1.712330	 -8.936964	 -1.287670	  7.614744
 -1.714287	 -8.716181	 -1.285713	  7.692631
 -1.716244	 -6.045007	 -1.283756	  7.795051
 -1.718201	 -5.711992	 -1.281799	  7.900536
 -1.720158	 -5.318875	 -1.279842	  7.994982
 -1.722115	 -5.035843	 -1.277885	  8.107827
 -1.724072	 -4.862589	 -1.275928	  8.173449
 -1.726029	 -4.762929	 -1.273971	  8.293653
 -1.727986	 -4.750051	 -1.272014	  8.382580
 -1.729943	 -4.758023	 -1.270057	  8.507077
 -1.731900	 -4.744531	 -1.268100	  8.580671
 -1.733857	 -4.748517	 -1.266143	  8.679718
 -1.735814	 -4.779488	 -1.264186	  8.779990
 -1.737771	 -4.796660	 -1.262229	  8.889769
 -1.739727	 -4.824258	 -1.260272	  8.984215
 -1.741685	 -4.873628	 -1.258315	  9.062716
 -1.743641	 -4.888960	 -1.256359	  9.182306
 -1.745598	 -4.460272	 -1.254401	  9.263261
 -1.747555	 -4.386678	 -1.252445	  9.403397
 -1.749512	 -4.405690	 -1.250488	  9.477298
 -1.751469	 -4.438807	 -1.248531	  9.584623
 -1.753426	 -4.173560	 -1.246574	  9.668644
 -1.755383	 -4.119591	 -1.244617	  9.790688
 -1.757340	 -4.152402	 -1.242660	  9.886360
 -1.759297	 -4.211584	 -1.240703	  9.986939
 -1.761254	 -4.273220	 -1.238746	 10.044895
 -1.763211	 -4.361533	 -1.236789	 10.044895
 -1.765168	 -4.409063	 -1.234832	 10.044895
 -1.767125	 -4.497683	 -1.232875	 10.044895
 -1.769082	 -4.553799	 -1.230918	 10.044895
 -1.771039	 -4.620954	 -1.228961	 10.044895
 -1.772996	 -4.691482	 -1.227004	 10.044895
 -1.774953	 -4.769676	 -1.225047	 10.044895
 -1.776910	 -4.831618	 -1.223090	 10.044895
 -1.778866	 -4.887733	 -1.221133	 10.044895
 -1.780824	 -4.984326	 -1.219176	 10.044895
 -1.782780	 -4.669403	 -1.217219	 10.044895
 -1.784737	 -1.445351	 -1.215263	 10.044895
 -1.786694	 -1.316254	 -1.213306	 10.044895
 -1.788651	 -1.271178	 -1.211349	 10.044895
 -1.790608	 -1.284057	 -1.209392	 10.044895
 -1.792565	 -1.283750	 -1.207435	 10.044895
 -1.794522	 -1.292029	 -1.205478	 10.044895
 -1.796479	 -1.243273	 -1.203521	 10.044895
 -1.798436	 -1.252779	 -1.201564	 10.044895
 -1.800393	 -1.192064	 -1.199607	 10.044895
 -1.802350	 -1.222728	 -1.197650	 10.044895
 -1.804307	 -1.237754	 -1.195693	 10.044895
 -1.806264	 -1.183171	 -1.193736	 10.044895
 -1.808221	 -1.164159	 -1.191779	 10.044895
 -1.810178	 -1.214449	 -1.189822	 10.044895
 -1.812135	 -1.202489	 -1.187865	 10.044895
 -1.814092	 -1.136868	 -1.185908	 10.044895
 -1.816049	 -1.171825	 -1.183951	 10.044895
 -1.818005	 -1.174891	 -1.181995	 10.044895
 -1.819962	 -1.188997	 -1.180037	 10.044895
 -1.821919	 -1.184704	 -1.178081	 10.044895
 -1.823876	 -1.224261	 -1.176124	 10.044895
 -1.825833	 -1.183478	 -1.174167	 10.044895
 -1.827790	 -1.162319	 -1.172210	 10.044895
 -1.829747	 -1.144840	 -1.170253	 10.044895
 -1.831704	 -1.182864	 -1.168296	 10.044895
 -1.833661	 -1.165079	 -1.166339	 10.044895
 -1.835618	 -1.179798	 -1.164382	 10.044895
 -1.837575	 -1.220275	 -1.162425	 10.044895
 -1.839532	 -1.190837	 -1.160468	 10.044895
 -1.841489	 -1.185317	 -1.158511	 10.044895
 -1.843446	 -1.177958	 -1.156554	 10.044895
 -1.845403	 -1.193290	 -1.154597	 10.044895
 -1.847360	 -1.182251	 -1.152640	 10.044895
 -1.849317	 -1.214755	 -1.150683	 10.044895
 -1.851273	 -1.228248	 -1.148726	 10.044895
 -1.853231	 -1.255845	 -1.146770	 10.044895
 -1.855187	 -1.302455	 -1.144812	 10.044895
 -1.857144	 -1.318401	 -1.142856	 10.044895
 -1.859101	 -1.342626	 -1.140899	 10.044895
 -1.861058	 -1.371143	 -1.138942	 10.044895
 -1.863015	 -1.295709	 -1.136985	 10.044895
 -1.864972	 -1.282830	 -1.135028	 10.044895
 -1.866929	 -1.215062	 -1.133071	 10.044895
 -1.868886	 -1.211382	 -1.131114	 10.044895
 -1.870843	 -1.225794	 -1.129157	 10.044895
 -1.872800	 -1.033529	 -1.127200	 10.044895
 -1.874757	 -0.993665	 -1.125243	 10.044895
 -1.876714	 -0.919151	 -1.123286	 10.044895
 -1.878671	 -0.903512	 -1.121329	 10.044895
 -1.880628	 -0.919151	 -1.119372	 10.044895
 -1.882585	 -0.910258	 -1.117415	 10.044895
 -1.884542	 -0.977413	 -1.115458	 10.044895
 -1.886499	 -0.992745	 -1.113501	 10.044895
 -1.888456	 -1.026169	 -1.111544	 10.044895
 -1.890412	 -1.029236	 -1.109587	 10.044895
 -1.892370	 -0.973733	 -1.107630	 10.044895
 -1.894326	 -0.927123	 -1.105674	 10.044895
 -1.896283	 -0.871008	 -1.103717	 10.044895
 -1.898240	 -0.855369	 -1.101760	 10.044895
 -1.900197	 -0.872541	 -1.099803	 10.044895
 -1.902154	 -0.862115	 -1.097846	 10.044895
 -1.904111	 -0.866408	 -1.095889	 10.044895
 -1.906068	 -0.851076	 -1.093932	 10.044895
 -1.908025	 -0.817345	 -1.091975	 10.044895
 -1.909982	 -0.854142	 -1.090018	 10.044895
 -1.911939	 -0.859662	 -1.088061	 10.044895
 -1.913896	 -0.875607	 -1.086104	 10.044895
 -1.915853	 -0.860888	 -1.084147	 10.044895
 -1.917810	 -0.848929	 -1.082190	 10.044895
 -1.919767	 -0.846476	 -1.080233	 10.044895
 -1.921724	 -0.843410	 -1.078276	 10.044895
 -1.923681	 -0.866715	 -1.076319	 10.044895
 -1.925638	 -0.852302	 -1.074362	 10.044895
 -1.927594	 -0.849236	 -1.072405	 10.044895
 -1.929551	 -0.845556	 -1.070449	 10.044895
 -1.931508	 -0.863341	 -1.068491	 10.044895
 -1.933465	 -0.848009	 -1.066535	 10.044895
 -1.935422	 -0.906885	 -1.064578	 10.044895
 -1.937379	 -0.881127	 -1.062621	 10.044895
 -1.939336	 -0.907498	 -1.060664	 10.044895
 -1.941293	 -0.944909	 -1.058707	 10.044895
 -1.943250	 -0.971893	 -1.056750	 10.044895
 -1.945207	 -0.965454	 -1.054793	 10.044895
 -1.947164	 -0.947975	 -1.052836	 10.044895
 -1.949121	 -0.944909	 -1.050879	 10.044895
 -1.951078	 -0.902592	 -1.048922	 10.044895
 -1.953035	 -0.955948	 -1.046965	 10.044895
 -1.954992	 -0.919764	 -1.045008	 10.044895
 -1.956949	 -0.931416	 -1.043051	 10.044895
 -1.958906	 -0.909338	 -1.041094	 10.044895
 -1.960863	 -0.839423	 -1.039137	 10.044895
 -1.962820	 -0.854755	 -1.037180	 10.044895
 -1.964776	 -0.818878	 -1.035223	 10.044895
 -1.966733	 -0.864568	 -1.033266	 10.044895
 -1.968690	 -0.872234	 -1.031310	 10.044895
 -1.970647	 -0.881127	 -1.029353	 10.044895
 -1.972604	 -0.861502	 -1.027396	 10.044895
 -1.974561	 -0.896766	 -1.025439	 10.044895
 -1.976518	 -0.892166	 -1.023482	 10.044895
 -1.978475	 -0.873767	 -1.021525	 10.044895
 -1.980432	 -0.866715	 -1.019568	 10.044895
 -1.982389	 -0.760922	 -1.017611	 10.044895
 -1.984346	 -0.713699	 -1.015654	 10.044895
 -1.986303	 -0.737004	 -1.013697	 10.044895
 -1.988260	 -0.735164	 -1.011740	 10.044895
 -1.990217	 -0.721672	 -1.009783	 10.044895
 -1.992174	 -0.721672	 -1.007826	 10.044895
 -1.994131	 -0.682115	 -1.005869	 10.044895
 -1.996088	 -0.698980	 -1.003912	 10.044895
 -1.998045	 -0.692234	 -1.001955	 10.044895
 -2.000000	 -0.678742	 -1.000000	 10.044895
